[array([0., 0.]), array([1., 0.]), array([1.      , 1.      , 0.837688]), array([0.531039, 0.401922, 0.      , 0.27612 ]), array([0.232921, 0.841389, 0.883358, 0.879468]), array([0.312024, 0.      , 0.393987, 1.      , 0.      ]), array([0.      , 0.20768 , 1.      , 0.      , 0.323235, 1.      ]), array([0.14067 , 0.101576, 0.175983, 0.      , 1.      , 0.408319,
       0.145334, 0.      ])]
[array([0.630822, 0.662337]), array([0.15427, 0.34362]), array([0.802457, 0.736185, 0.510802]), array([0.371967, 0.308509, 0.271705, 0.299497]), array([0.317247, 0.69002 , 0.262847, 0.360195]), array([0.69159 , 0.163316, 0.826321, 0.658325, 0.024349]), array([0.126848, 0.488881, 0.177645, 0.336104, 0.37778 , 0.643095]), array([0.148162, 0.138482, 0.108206, 0.709595, 0.743266, 0.027662,
       0.21235 , 0.082593])]
[array([0.625357, 0.708037]), array([0.698199, 0.      ]), array([0.03928 , 0.      , 0.649545]), array([0., 0., 0., 0.]), array([0.216684, 0.827187, 0.67058 , 0.89439 ]), array([0.517761, 0.      , 0.999999, 0.999999, 0.156443]), array([0.999999, 0.      , 0.578067, 0.275511, 0.848173, 0.804437]), array([0.      , 0.      , 0.999999, 0.999999, 0.999999, 0.      ,
       0.999999, 0.999999])]
[array([0.598715, 0.631376]), array([0.684573, 0.999999]), array([0.963788, 0.      , 0.      ]), array([0.261653, 0.444423, 0.292978, 0.022573]), array([0.      , 0.999999, 0.999999, 0.999999]), array([0.627618, 0.162761, 0.843265, 0.681025, 0.278628]), array([0.599175, 0.04689 , 0.739191, 0.460139, 0.638419, 0.344106]), array([0.      , 0.      , 0.075482, 0.      , 0.      , 0.      ,
       0.      , 0.999999])]
[array([0.598193, 0.70091 ]), array([0.208622, 0.315491]), array([0.573329, 0.      , 0.32048 ]), array([0.406574, 0.220158, 0.268444, 0.246611]), array([0.      , 0.999999, 0.999999, 0.      ]), array([0.783269, 0.227788, 0.999999, 0.716222, 0.55527 ]), array([0.554175, 0.604649, 0.1292  , 0.611107, 0.485766, 0.840383]), array([0.      , 0.804574, 0.266611, 0.136686, 0.656434, 0.355551,
       0.      , 0.674748])]
[array([0.501743, 0.218974]), array([0.313397, 0.377501]), array([0.999999, 0.999999, 0.      ]), array([0.      , 0.999999, 0.999999, 0.999999]), array([0.568561, 0.523654, 0.486482, 0.087409]), array([0.      , 0.      , 0.999999, 0.      , 0.      ]), array([0.540487, 0.12777 , 0.69813 , 0.456451, 0.720504, 0.476168]), array([0.067152, 0.242505, 0.      , 0.153778, 0.606582, 0.358033,
       0.203104, 0.401834])]